  8969900

  8951229-space

     3501     1713      450      414      447     1284
      449      415      446      419      453      412
      450      415      446      419      453      412
      449      416      445      420      472      419
      453      412      449      416      445     1286
      448      416      445      420      452      413
      448      417      445      419      451      414
      447      417      454     1277      446     1283
      450     1280      454      411      481      411
      450     1280      453      412      449      415
      446      419      453      412      449      415
      446      419      452      412      449      416
      445      420      452      413      449      416
      444      420      451      414      479      413
      448      417      444      420      452      413
      448      417      444      420      451      414
      447      417      454      410      451      414
      447      418      455      410      450      414
      447      418      474      417      454      411
      450      414      447     1283      450     1281
      452      411      450      415      446      419
      453      413      448      416      445     9971
     3538     1683      450      414      447     1283
      471      421      450      414      447      417
      454      410      451      414      448      417
      454      411      450      414      446      418
      453      411      450      415      446     1284
      449      416      446      420      473      418
      453      411      450      415      446      419
      454      411      449     1281      452     1278
      445     1285      448      417      455      410
      450     1280      454      411      450      414
      446      418      454      411      450      415
      477      414      447      418      454      411
      449      415      446      418      453      411
      450      415      447      418      453     1278
      445      419      452      413      448     1282
      451     1279      455     1277      446      417
      475      417      444      420      452     1279
      444      420      451      414      447     1284
      450     1280      453      411      451      414
      446      419      453      412      449      416
      446      419      453      412      449      416
      477      415      446     1285      448      416
      445      420      452     1279      445      419
      451      413      448     1283      451     1280
      454      410      450      414      447      418
      455      410      450      415      446      418
      474      418      454      411      451      414
      447      418      454      411      450      415
      446      419      453      411      449      415
      446      419      452      412      450      415
      445     1285      448     1283      451     1280
      475      416      445      420      452      414
      447      417      444      420      451      413
      447      417      455      410      451      414
      447     1283      450     1281      453     1277
      446      419      453      412      449      416
      477      415      446      419      452      414
      448      415      445      420      452      413
      448      417      444      421      450      414
      448      417      454      410      451      414
      448      417      454     1276      447      418
      475      417      444     1286      447      417
      454      411      451      414      447     1284
      450      415      446      418      454      411
      449      415      446      419      452      413
      448      417      444      420      473      419
      452      412      449      416      446      419
      452      413      448      417      444      420
      451      414      447      417      454      410
      451     1280      455     1276      446      418
      453      412      449     1281      473     1257
      477   129037-pulse