 16777215

     3499     1716      448      416      444     1286
      447      417      454      411      451      414
      447      418      453      411      450      415
      446      419      452      412      480      411
      450      415      446      419      453     1277
      445      420      452      413      448      418
      443      420      451      414      447      417
      454      411      450     1281      453     1277
      446     1285      448      416      477      415
      446     1285      448      416      445      419
      452      413      448      416      445      419
      452      413      448      417      444      420
      451      414      446      417      454      411
      450      414      447      418      475      418
      454      410      451      414      447      418
      454      411      451      414      446      418
      453      411      449      415      446      420
      452      412      449      416      445      420
      452      413      480      412      449      416
      445      420      452     1279      445     1285
      447      417      454      411      450      415
      446      418      453      411      450     9966
     3531     1690      453      410      451     1280
      475      417      444      420      451      414
      447      418      455      410      450      414
      446      418      453      411      450      416
      445      419      452      412      449     1282
      452      413      447      417      476      416
      445      420      452      413      449      416
      444      420      451     1279      454     1277
      446     1283      450      415      447      418
      453     1277      446      419      452      413
      448      416      445      420      452      413
      480      412      449      417      445      420
      452      413      448      417      444      420
      452      413      447      417      454     1276
      447      419      452      411      450     1281
      453     1279      444     1285      448      417
      476      417      444      420      452      413
      448     1283      451     1280      454      411
      450     1280      454      410      450      415
      446      419      453      412      449      417
      445      420      452      413      448      417
      476      416      446     1285      448      417
      444      420      451     1280      454      411
      450      414      446      418      453     1278
      477      388      452      412      449      416
      446      419      452      413      448      417
      476      416      445      420      451      413
      448      417      444      420      451      414
      448      417      454      410      450      414
      446      418      453      411      450      414
      446     1285      449     1282      451     1279
      476      416      445      420      453      412
      448      417      444      420      451      414
      447      418      458      406      450      415
      446     1284      449     1282      452     1278
      445      420      452      412      448      417
      476      416      445      420      452      413
      448      417      444      420      451      414
      447      417      455      410      450      414
      447      418      453      411      450      415
      446      418      453     1278      477      415
      446      419      452     1278      445      420
      452      413      449      416      444     1286
      447      417      454      411      450      414
      446      418      453      411      450      415
      447      418      452      412      480      411
      449      415      446      419      453      412
      449      416      445      420      452      413
      448      417      454      410      451     1279
      454     1277      446      418      453      411
      449     1281      453      412      480     1277
      446   132867-pulse
