 10902287

 10885894-space

     3502     1712      445      413      447     1284
      449      415      446      418      452      412
      448      414      446      418      454      409
      449      415      447      418      474      420
      451      412      447      416      445     1293
      442      415      450      415      451      413
      447      421      451      408      452      413
      450      415      454     1279      461     1270
      444     1281      452      412      481      411
      452     1279      453      411      450      415
      446      421      451      411      449      415
      446      419      452      412      449      416
      445      420      452      413      448      416
      445      420      452      413      479      412
      449      416      445      420      452      413
      448      416      445      420      452      413
      448      417      445      420      451      414
      447      417      454      411      450      414
      447      418      474      417      454      411
      450      414      447     1284      449     1281
      452      412      449      416      445      420
      452      413      448      417      444     9972
     3537     1683      450      415      446     1284
      481      411      450      415      446      419
      453      411      449      415      446      419
      453      412      449      416      445      419
      452      413      448      417      444     1287
      446      417      454      411      471      420
      451      413      448      417      454      410
      451      414      447     1283      450     1280
      453     1277      446      419      453      412
      449     1281      452      414      447      417
      444      420      452      413      448      417
      477      415      445      419      452      412
      448      416      445      421      451      413
      448      417      444      420      451     1280
      454      410      451      414      447     1284
      449     1280      453     1277      446      420
      473      418      453      411      450     1281
      453      412      448      416      445     1285
      448     1283      450      413      448      417
      444      420      451      413      447      417
      454      411      450      414      447      418
      475      416      454     1276      447      418
      454      412      449     1280      453      411
      450     1282      452      412      449     1282
      452      414      447      416      445      420
      451      413      448      417      445      420
      472      420      452      413      448      417
      444      420      452      413      447      418
      454      411      450      414      446      419
      453      411      450      415      446      419
      452     1279      445     1285      448     1283
      471      419      452      413      448      416
      445      420      452      414      447      417
      444      420      451      414      447      417
      455     1276      447     1284      450     1281
      452      412      449      415      446      419
      474      418      453      411      450      415
      446      419      453      413      448      416
      445      420      452      413      448      416
      445      421      451      413      448      417
      444      420      451     1280      454      410
      472      420      451     1280      454      410
      450      414      447      417      454     1277
      446      418      454      411      450      415
      446      418      454      410      450      415
      446      419      453      412      480      412
      449      415      446      419      453      412
      449      416      446      419      452      412
      449      416      445      420      452      414
      447     1283      451     1280      455     1276
      447     1284      450      415      448     1283
      481   129892-pulse