 12808918

 12791047-space

     3502     1709      453      412      449     1280
      453      412      449      415      447      418
      452      412      449      416      445      420
      452      414      447      417      476      416
      445      419      452      413      448     1284
      449      413      447      417      454      410
      453      412      446      418      453      411
      449      415      446     1286      447     1282
      452     1279      444      420      472      420
      452     1280      443      420      451      414
      447      417      454      410      450      415
      445      418      453      411      449      415
      446      418      455      410      449      416
      445      419      452      413      479      414
      447      416      445      420      452      413
      448      417      445      420      451      414
      447      417      454      410      450      414
      448      416      453      411      449      415
      446      419      473      419      452      411
      449      415      446     1285      451     1279
      452      413      448      417      444      422
      449      414      447      417      454     9962
     3535     1687      446      416      445     1296
      470      412      448      416      445      420
      452      413      450      415      444      420
      451      414      447      417      454      410
      452      412      446      418      453     1277
      445      420      451      412      480      411
      449      415      446      419      455      410
      449      416      445     1285      448     1282
      451     1279      454      410      450      416
      444     1284      449      415      446      419
      454      411      449      416      445      420
      473      419      452      414      447      416
      445      420      451      413      448      417
      457      407      451      414      447     1283
      450      414      448      417      453     1277
      446     1286      447     1281      452      413
      479      412      450      415      445      420
      452     1279      444     1287      446      417
      454     1276      449      416      453      411
      449      415      446      419      452      412
      450      415      445      420      452      413
      480      412      449     1283      450      413
      448      417      444     1287      446      417
      454     1276      446      420      452     1276
      446      419      452      412      449      418
      443      419      452      413      448      417
      476      416      446      418      452      413
      448      417      444      420      451      415
      446      417      454      410      450      414
      447      418      454      410      449      415
      446     1285      449     1283      450     1278
      476      416      445      421      450      413
      448      416      444      420      451      413
      449      416      454      410      451      414
      447     1285      449     1280      453     1277
      447      418      452      412      448      416
      476      415      446      419      453      411
      449      416      445      420      452      413
      448      419      442      420      451      414
      447      417      454      410      452      413
      447      418      454     1277      446      420
      473      417      454     1276      446      418
      455      410      450      415      446     1284
      449      416      446      419      452      413
      448      417      445      420      451      416
      445      417      454      411      482      410
      451      413      449      416      454      411
      450      415      446      418      453      412
      449      415      446      419      452     1278
      445     1287      446      416      444     1286
      448     1282      450      414      446     1286
      479   131340-pulse