 14576682

 14557649-space

     3492     1714      449      416      445     1287
      446      416      444      420      451      413
      447      419      453      410      450      414
      447      418      454      411      474      418
      451      414      447      417      454     1284
      441      417      452      413      448      415
      446      420      457      411      443      416
      444      420      452     1279      447     1284
      447     1283      450      416      477      413
      447     1283      450      414      448      417
      453      411      449      415      446      419
      452      417      445      414      446      419
      450      413      448      417      444      422
      449      413      447      417      475      417
      444      420      452      412      447      417
      454      411      450      414      446      420
      452      411      449      415      446      419
      452      412      450      415      445      420
      452      413      480      416      448      413
      446      420      450     1280      443     1288
      445      417      454      411      450      414
      446      418      455      410      449     9967
     3531     1690      451      411      450     1280
      474      418      455      409      450      415
      446      418      453      411      449      417
      444      419      452      412      449      416
      445      420      453      412      448     1282
      451      415      446      417      477      415
      444      420      453      424      438      415
      454      412      453     1278      451     1281
      446     1284      446      416      445      419
      452     1280      443      420      451      413
      447      417      454      412      449      414
      479      413      448      417      444      420
      452      413      447      417      454      411
      454      413      446      419      450     1277
      446      419      453      412      450     1280
      452     1279      444     1287      446      417
      475      416      445      420      451     1280
      453      410      451      414      447     1284
      449     1280      453      411      449      417
      444      419      452      412      449      416
      445      420      453      412      451      416
      475      414      445     1285      451      413
      444      423      451     1277      454      413
      448      414      446      418      453     1277
      447      418      453      412      449      416
      445      419      452      415      446      417
      476      416      445      420      452      413
      449      415      444      420      451      413
      447      417      454      411      453      422
      438      416      453      411      449      415
      446     1288      446     1282      452     1280
      475      416      448      419      449      413
      448      419      442      420      451      413
      447      417      454      410      450      416
      445     1284      449     1281      454     1277
      452      415      451      411      448      419
      473      416      445      420      452      413
      448      417      446      419      451      414
      447      417      454      411      450      415
      449      416      453      412      451      415
      444      419      453     1283      472      415
      446      419      455     1281      440      419
      452      413      448      417      444     1288
      446      417      454      411      450      414
      448      418      452      411      449      415
      446      419      452      412      482      409
      449      415      446      419      452      412
      449      417      444      420      452      413
      448      417      444      420      452      412
      447     1283      450     1282      452      411
      449     1281      452      412      489     1272
      444   130287-pulse