 12587357

 12567916-space

     3503     1710      453      412      449     1283
      451      412      448      416      445      420
      452      413      449      415      444      420
      451      414      447      417      475      418
      443      420      451      414      447     1283
      451      415      446      418      453      411
      449      415      446      421      450      412
      449      416      445     1285      448     1284
      449     1279      454      410      472      420
      451     1280      454      410      450      416
      445      418      453      411      449      415
      446      419      455      411      448      416
      445      419      452      413      448      417
      447      418      451      413      479      413
      448      416      445      421      450      413
      448      417      444      420      451      414
      449      416      454      411      450      414
      446      418      453      413      448      415
      446      419      473      418      453      411
      450      415      445     1284      449     1282
      454      411      448      416      444      420
      451      413      447      419      452     9965
     3533     1684      451      413      445     1285
      479      412      448      418      443      419
      452      413      448      417      444      420
      451      413      447      417      454      410
      451      414      447      420      452     1276
      446      418      453      411      481      412
      449      414      446      418      453      412
      449      415      448     1282      449     1282
      452     1280      443      420      451      413
      448     1284      449      414      447      417
      454      411      450      414      448      417
      474      417      454      411      450      414
      446      419      452      411      449      415
      446      419      452      412      451     1279
      452      413      448      417      444     1288
      446     1283      450     1282      452      411
      481      411      450      414      446      418
      455     1276      445     1285      449      417
      443     1285      448      417      446      419
      453      411      447      417      454      411
      450      414      446      419      452      411
      481      411      450     1280      455      411
      449      416      445     1285      448      416
      446      418      452     1279      444     1287
      447      417      454      411      450      414
      446      418      455      409      450      415
      477      414      447      418      453      413
      448      415      445      419      452      412
      449      416      445      421      451      413
      448      417      444      420      451      413
      449     1282      450     1280      453     1278
      477      414      446      418      453      411
      452      414      445      419      452      412
      449      416      445      419      453      411
      448     1282      451     1280      453     1276
      447      417      454      410      452      413
      478      414      447      417      454      411
      450      415      447      417      453      411
      449      415      446      419      455      410
      449      416      445      420      452      413
      448      417      446     1285      447      417
      475      416      445     1287      447      417
      444      420      451      413      449     1282
      450      414      447      418      453      413
      449      414      446      418      453      412
      449      415      446      421      471      418
      453      411      449      415      446      419
      454      411      449      416      445      419
      452      413      448      418      443     1286
      447     1283      452      413      446      418
      453      411      449     1286      469     1256
      476   129800-pulse