 16777215

     3531     1681      483      382      479     1251
      482      382      479      387      474      390
      482      383      478      387      474      391
      481      383      477      388      505      387
      474      391      481      384      477     1253
      480      385      478      385      485      380
      479      385      476      389      482      382
      479      386      475     1255      478     1253
      481     1250      473      392      501      391
      481     1250      473      391      480      385
      476      388      483      384      479      383
      475      389      482      382      479      386
      476      388      481      383      478      387
      476      388      481      384      510      382
      478      387      474      391      481      384
      477      388      473      391      480      385
      476      388      483      382      480      385
      476      389      482      382      479      386
      475      390      502      389      482      382
      479      386      475     1257      477     1255
      478      384      477      388      475      390
      480      385      476      388      472     9943
     3534     1687      445      420      452     1280
      475      416      445      425      448      411
      448      418      454      410      451      414
      447      418      454      411      452      413
      446      418      453      411      449     1284
      450      412      449      416      476      415
      446      419      452      413      447      416
      444      420      451     1280      454     1276
      446     1284      449      416      445      419
      452     1278      445      420      452      413
      448      417      454      410      451      414
      478      413      448      417      444      423
      448      414      447      418      454      412
      448      415      446      418      453     1277
      446      418      452      412      449     1282
      451      414      447     1283      451      414
      478      413      448      416      444     1286
      447      418      454      411      450     1280
      453     1278      445      420      451      413
      448      417      444      421      451      414
      448      417      454      411      450      415
      478      414      447     1284      449     1280
      453      412      449      416      445      419
      452      413      448     1283      451      414
      447     1283      450      415      446      419
      452      412      449      415      446      419
      473      418      453      411      449      415
      445      419      452      412      448      417
      444      420      451      413      448      417
      454      410      451      415      446      420
      453     1275      446     1284      449     1281
      473      419      452      414      447      416
      445      420      451      413      450      414
      456      409      451      414      447      418
      454     1277      447     1284      481     1250
      483      383      447      417      444      421
      472      420      483      382      448      416
      454      410      451      414      447      418
      453      412      449      415      446      418
      453      412      449      415      445      420
      452      412      448     1282      472      420
      452      413      448     1283      451      414
      447      418      453      411      450     1280
      453      412      449      415      446      419
      452      412      448      416      445      421
      451      413      448      417      475      416
      445      420      451      414      447      417
      454      411      450      415      446      418
      454      411      449     1281      454      412
      447      418      445     1283      511     1220
      450     1280      506     1225      445     1286
      479   130693-pulse