 16777215

     3530     1686      447      417      455     1276
      448      417      454      411      482      383
      446      418      453      412      449      415
      446      419      452      412      480      412
      450      415      446      419      452     1279
      444      421      451      413      448      417
      455      410      451      414      447      419
      453      411      450     1280      453     1278
      445     1285      448      416      476      416
      445     1285      448      417      444      421
      451      413      447      418      454      411
      450      415      446      424      448      412
      449      415      446      419      452      412
      448      417      444      420      472      419
      452      413      448      417      455      409
      451      414      447      418      454      411
      450      415      446      418      453      412
      449      415      445      419      453      412
      448      417      476      416      445      420
      452      413      448     1283      450     1280
      454      412      449      415      446      419
      452      412      449      416      446     9970
     3536     1684      448      418      454     1276
      478      413      448      417      455      410
      450      414      446      418      453      411
      449      416      445      419      452      412
      448      416      445      420      452     1279
      454      411      450      414      478      414
      448      418      453      411      450      415
      446      418      453     1278      445     1285
      449     1283      451      413      448      417
      455     1277      446      418      454      411
      450      415      446      418      453      412
      480      411      450      415      446      418
      453      412      450      415      445      419
      452      413      448      416      444     1287
      446      417      454      411      450     1281
      453      412      449     1281      452      417
      475      412      449      415      446     1285
      448      417      444      420      451     1279
      454     1277      446      418      453      412
      449      415      446      420      451      412
      448      416      444      420      451      414
      479      412      448     1283      451     1280
      475      389      482      383      478      387
      474     1257      477     1253      480      385
      476      388      483      382      479      385
      475      389      482      382      479      387
      474      417      455      410      482      382
      447      418      476      389      482      383
      446      418      474      391      481      384
      446      419      452      412      448      416
      476     1255      447     1283      450     1280
      475      417      454      410      482      383
      446      418      453      413      448      415
      446      419      473      391      449      416
      476     1255      447     1283      451     1280
      474      390      482      383      478      387
      506      387      474      390      482      383
      478      387      474      391      481      384
      445      418      452      412      480      384
      476      388      453      412      448      417
      454      410      451     1280      474      417
      475      389      451     1280      454      410
      450      415      446      418      453     1278
      445      419      452      412      449      416
      445      420      452      413      448      416
      455      410      451      414      479      413
      448      417      455      410      451      414
      447      418      454      411      449      414
      446      418      453     1277      446      418
      452      412      449     1282      452      414
      447      417      455      410      472     1286
      451   132002-pulse